000002
000005
000006
000009
000011
000014
000029
000031
000036
000040
000042
000043
000046
000069
000150
000301
000402
000502
000505
000506
000507
000514
000517
000526
000534
000537
000540
000558
000567
000573
000608
000609
000616
000620
000628
000631
000632
000656
000667
000668
000671
000691
000711
000718
000732
000736
000797
000838
000861
000863
000897
000918
000926
000931
000965
000981
001979
002016
002133
002146
002208
002244
002285
002305
200011
200029
200505
600048
600052
600053
600064
600082
600094
600113
600133
600159
600162
600173
600185
600208
600215
600223
600225
600239
600240
600246
600256
600266
600322
600325
600340
600376
600383
600393
600463
600466
600503
600533
600576
600604
600606
600614
600615
600620
600622
600634
600638
600639
600641
600648
600657
600658
600663
600665
600675
600683
600684
600696
600716
600724
600732
600733
600736
600743
600748
600753
600759
600766
600767
600773
600777
600791
600807
600823
600872
600890
600895
601155
601588
900902
900907
900911
900912
900932
900940
