600146
600217
600262
600354
600425
600449
600509
600545
600706
600720
600738
600778
600785
600967
600984
000159
000498
000564
000610
000635
000672
000721
000779
000812
000862
000877
000929
000982
002207
002302
002307
300103
300345
600017
600242
600368
600428
600436
600515
600712
600717
600798
601008
601018
601866
601880
000022
000088
000415
000507
000582
000905
000911
002040
600031
600038
600072
600100
600118
600148
600150
600151
600178
600184
600271
600316
600330
600343
600353
600363
600372
600391
600399
600416
600435
600456
600480
600482
600485
600495
600501
600523
600562
600565
600590
600592
600602
600614
600634
600677
600685
600698
600760
600764
600765
600850
600855
600862
600877
600879
600893
600990
601118
601208
601611
601718
601727
601989
603019
603678
603766
603885
000026
000050
000059
000065
000070
000099
000425
000519
000547
000561
000595
000625
000687
000733
000738
000748
000768
000777
000801
000806
000901
000977
002013
002023
002025
002036
002046
002049
002065
002077
002089
002097
002111
002151
002167
002179
002190
002214
002224
002231
002246
002253
002254
002265
002268
002276
002297
002300
002303
002308
002309
002338
002339
002342
002350
002361
002368
002405
002406
002413
002414
002423
002428
002434
002436
002439
002446
002451
002465
002501
002519
002520
002542
002544
002547
002560
002564
002576
002583
002590
002651
002669
002684
002724
300008
300010
300024
300028
300034
300045
300046
300053
300065
300084
300092
300095
300099
300101
300114
300159
300177
300185
300201
300213
300229
300252
300265
300278
300281
300297
300302
300311
300324
300325
300337
300342
300351
300352
300353
300354
300379
300395
300397
300402
300411
300414
300427
300447
300456
300474
300480
300516
300527
300542
600068
600120
600260
600360
600577
600705
600734
600736
600775
600783
600792
600839
600869
601126
603167
603338
603618
603936
000009
000066
000760
000955
001696
002063
002147
002171
002194
002296
002324
002328
002389
002427
002438
002497
002528
002552
002611
002683
002701
002771
002777
002829
300091
300123
300210
300215
300257
300263
300319
300424
300428
300560
300589
300600
300629
300696
600019
600169
600320
600522
600583
601808
601890
000039
000852
000898
002278
002314
002318
002353
002445
002483
002490
002608
300023
300217
600000
600015
600016
600030
600036
600109
600291
600369
600643
600816
600830
600837
600958
600999
601009
601099
601166
601169
601198
601288
601318
601328
601336
601377
601398
601555
601601
601628
601688
601788
601818
601901
601939
601988
601998
000001
000166
000562
000563
000686
000712
000728
000750
000776
000783
002142
002500
002673
002736
600060
600261
600336
600690
600854
600870
600983
603366
603519
000016
000100
000333
000418
000521
000527
000533
000541
000651
000921
002005
002032
002035
002076
002242
002260
002290
002403
002429
002473
002508
002543
002668
002677
002681
002705
002723
